A=[1 1 1 1;2 1 0 -1;-2 -0.5 0 -0.5;8/6 1/6 0 -1/6];
x=A\[0;-1;0;0]
