v=1.857e-6;
n=2.505e25;
% dm=[1:1:200]/1000000000;
dm=200/1000000000;
mfp=1./(sqrt(2)*n*pi*dm.^2)*1000000000
% plot(dm,mfp)


