targetTime=[0 1432 2932 7209 8641];
targetDryWeight=[0.045919 0.108476 0.2342245 0.4107565 0.4203445];

DryWeightIncrease=0.4203445/(8641/60)*2

